# Created by Octave 6.3.0, Sat Nov 13 18:17:18 2021 GMT <unknown@DesktopNUCi5>
# name: gcoor
# type: matrix
# rows: 441
# columns: 2
 102 -6
 102 -5.9000000000000004
 102 -5.7999999999999998
 102 -5.7000000000000002
 102 -5.5999999999999996
 102 -5.5
 102 -5.4000000000000004
 102 -5.2999999999999998
 102 -5.2000000000000002
 102 -5.0999999999999996
 102 -5
 102 -4.9000000000000004
 102 -4.7999999999999998
 102 -4.7000000000000002
 102 -4.5999999999999996
 102 -4.5
 102 -4.4000000000000004
 102 -4.2999999999999998
 102 -4.2000000000000002
 102 -4.0999999999999996
 102 -4
 102.09999999999999 -6
 102.09999999999999 -5.9000000000000004
 102.09999999999999 -5.7999999999999998
 102.09999999999999 -5.7000000000000002
 102.09999999999999 -5.5999999999999996
 102.09999999999999 -5.5
 102.09999999999999 -5.4000000000000004
 102.09999999999999 -5.2999999999999998
 102.09999999999999 -5.2000000000000002
 102.09999999999999 -5.0999999999999996
 102.09999999999999 -5
 102.09999999999999 -4.9000000000000004
 102.09999999999999 -4.7999999999999998
 102.09999999999999 -4.7000000000000002
 102.09999999999999 -4.5999999999999996
 102.09999999999999 -4.5
 102.09999999999999 -4.4000000000000004
 102.09999999999999 -4.2999999999999998
 102.09999999999999 -4.2000000000000002
 102.09999999999999 -4.0999999999999996
 102.09999999999999 -4
 102.2 -6
 102.2 -5.9000000000000004
 102.2 -5.7999999999999998
 102.2 -5.7000000000000002
 102.2 -5.5999999999999996
 102.2 -5.5
 102.2 -5.4000000000000004
 102.2 -5.2999999999999998
 102.2 -5.2000000000000002
 102.2 -5.0999999999999996
 102.2 -5
 102.2 -4.9000000000000004
 102.2 -4.7999999999999998
 102.2 -4.7000000000000002
 102.2 -4.5999999999999996
 102.2 -4.5
 102.2 -4.4000000000000004
 102.2 -4.2999999999999998
 102.2 -4.2000000000000002
 102.2 -4.0999999999999996
 102.2 -4
 102.3 -6
 102.3 -5.9000000000000004
 102.3 -5.7999999999999998
 102.3 -5.7000000000000002
 102.3 -5.5999999999999996
 102.3 -5.5
 102.3 -5.4000000000000004
 102.3 -5.2999999999999998
 102.3 -5.2000000000000002
 102.3 -5.0999999999999996
 102.3 -5
 102.3 -4.9000000000000004
 102.3 -4.7999999999999998
 102.3 -4.7000000000000002
 102.3 -4.5999999999999996
 102.3 -4.5
 102.3 -4.4000000000000004
 102.3 -4.2999999999999998
 102.3 -4.2000000000000002
 102.3 -4.0999999999999996
 102.3 -4
 102.40000000000001 -6
 102.40000000000001 -5.9000000000000004
 102.40000000000001 -5.7999999999999998
 102.40000000000001 -5.7000000000000002
 102.40000000000001 -5.5999999999999996
 102.40000000000001 -5.5
 102.40000000000001 -5.4000000000000004
 102.40000000000001 -5.2999999999999998
 102.40000000000001 -5.2000000000000002
 102.40000000000001 -5.0999999999999996
 102.40000000000001 -5
 102.40000000000001 -4.9000000000000004
 102.40000000000001 -4.7999999999999998
 102.40000000000001 -4.7000000000000002
 102.40000000000001 -4.5999999999999996
 102.40000000000001 -4.5
 102.40000000000001 -4.4000000000000004
 102.40000000000001 -4.2999999999999998
 102.40000000000001 -4.2000000000000002
 102.40000000000001 -4.0999999999999996
 102.40000000000001 -4
 102.5 -6
 102.5 -5.9000000000000004
 102.5 -5.7999999999999998
 102.5 -5.7000000000000002
 102.5 -5.5999999999999996
 102.5 -5.5
 102.5 -5.4000000000000004
 102.5 -5.2999999999999998
 102.5 -5.2000000000000002
 102.5 -5.0999999999999996
 102.5 -5
 102.5 -4.9000000000000004
 102.5 -4.7999999999999998
 102.5 -4.7000000000000002
 102.5 -4.5999999999999996
 102.5 -4.5
 102.5 -4.4000000000000004
 102.5 -4.2999999999999998
 102.5 -4.2000000000000002
 102.5 -4.0999999999999996
 102.5 -4
 102.59999999999999 -6
 102.59999999999999 -5.9000000000000004
 102.59999999999999 -5.7999999999999998
 102.59999999999999 -5.7000000000000002
 102.59999999999999 -5.5999999999999996
 102.59999999999999 -5.5
 102.59999999999999 -5.4000000000000004
 102.59999999999999 -5.2999999999999998
 102.59999999999999 -5.2000000000000002
 102.59999999999999 -5.0999999999999996
 102.59999999999999 -5
 102.59999999999999 -4.9000000000000004
 102.59999999999999 -4.7999999999999998
 102.59999999999999 -4.7000000000000002
 102.59999999999999 -4.5999999999999996
 102.59999999999999 -4.5
 102.59999999999999 -4.4000000000000004
 102.59999999999999 -4.2999999999999998
 102.59999999999999 -4.2000000000000002
 102.59999999999999 -4.0999999999999996
 102.59999999999999 -4
 102.7 -6
 102.7 -5.9000000000000004
 102.7 -5.7999999999999998
 102.7 -5.7000000000000002
 102.7 -5.5999999999999996
 102.7 -5.5
 102.7 -5.4000000000000004
 102.7 -5.2999999999999998
 102.7 -5.2000000000000002
 102.7 -5.0999999999999996
 102.7 -5
 102.7 -4.9000000000000004
 102.7 -4.7999999999999998
 102.7 -4.7000000000000002
 102.7 -4.5999999999999996
 102.7 -4.5
 102.7 -4.4000000000000004
 102.7 -4.2999999999999998
 102.7 -4.2000000000000002
 102.7 -4.0999999999999996
 102.7 -4
 102.8 -6
 102.8 -5.9000000000000004
 102.8 -5.7999999999999998
 102.8 -5.7000000000000002
 102.8 -5.5999999999999996
 102.8 -5.5
 102.8 -5.4000000000000004
 102.8 -5.2999999999999998
 102.8 -5.2000000000000002
 102.8 -5.0999999999999996
 102.8 -5
 102.8 -4.9000000000000004
 102.8 -4.7999999999999998
 102.8 -4.7000000000000002
 102.8 -4.5999999999999996
 102.8 -4.5
 102.8 -4.4000000000000004
 102.8 -4.2999999999999998
 102.8 -4.2000000000000002
 102.8 -4.0999999999999996
 102.8 -4
 102.90000000000001 -6
 102.90000000000001 -5.9000000000000004
 102.90000000000001 -5.7999999999999998
 102.90000000000001 -5.7000000000000002
 102.90000000000001 -5.5999999999999996
 102.90000000000001 -5.5
 102.90000000000001 -5.4000000000000004
 102.90000000000001 -5.2999999999999998
 102.90000000000001 -5.2000000000000002
 102.90000000000001 -5.0999999999999996
 102.90000000000001 -5
 102.90000000000001 -4.9000000000000004
 102.90000000000001 -4.7999999999999998
 102.90000000000001 -4.7000000000000002
 102.90000000000001 -4.5999999999999996
 102.90000000000001 -4.5
 102.90000000000001 -4.4000000000000004
 102.90000000000001 -4.2999999999999998
 102.90000000000001 -4.2000000000000002
 102.90000000000001 -4.0999999999999996
 102.90000000000001 -4
 103 -6
 103 -5.9000000000000004
 103 -5.7999999999999998
 103 -5.7000000000000002
 103 -5.5999999999999996
 103 -5.5
 103 -5.4000000000000004
 103 -5.2999999999999998
 103 -5.2000000000000002
 103 -5.0999999999999996
 103 -5
 103 -4.9000000000000004
 103 -4.7999999999999998
 103 -4.7000000000000002
 103 -4.5999999999999996
 103 -4.5
 103 -4.4000000000000004
 103 -4.2999999999999998
 103 -4.2000000000000002
 103 -4.0999999999999996
 103 -4
 103.09999999999999 -6
 103.09999999999999 -5.9000000000000004
 103.09999999999999 -5.7999999999999998
 103.09999999999999 -5.7000000000000002
 103.09999999999999 -5.5999999999999996
 103.09999999999999 -5.5
 103.09999999999999 -5.4000000000000004
 103.09999999999999 -5.2999999999999998
 103.09999999999999 -5.2000000000000002
 103.09999999999999 -5.0999999999999996
 103.09999999999999 -5
 103.09999999999999 -4.9000000000000004
 103.09999999999999 -4.7999999999999998
 103.09999999999999 -4.7000000000000002
 103.09999999999999 -4.5999999999999996
 103.09999999999999 -4.5
 103.09999999999999 -4.4000000000000004
 103.09999999999999 -4.2999999999999998
 103.09999999999999 -4.2000000000000002
 103.09999999999999 -4.0999999999999996
 103.09999999999999 -4
 103.2 -6
 103.2 -5.9000000000000004
 103.2 -5.7999999999999998
 103.2 -5.7000000000000002
 103.2 -5.5999999999999996
 103.2 -5.5
 103.2 -5.4000000000000004
 103.2 -5.2999999999999998
 103.2 -5.2000000000000002
 103.2 -5.0999999999999996
 103.2 -5
 103.2 -4.9000000000000004
 103.2 -4.7999999999999998
 103.2 -4.7000000000000002
 103.2 -4.5999999999999996
 103.2 -4.5
 103.2 -4.4000000000000004
 103.2 -4.2999999999999998
 103.2 -4.2000000000000002
 103.2 -4.0999999999999996
 103.2 -4
 103.3 -6
 103.3 -5.9000000000000004
 103.3 -5.7999999999999998
 103.3 -5.7000000000000002
 103.3 -5.5999999999999996
 103.3 -5.5
 103.3 -5.4000000000000004
 103.3 -5.2999999999999998
 103.3 -5.2000000000000002
 103.3 -5.0999999999999996
 103.3 -5
