# Created by Octave 6.3.0, Sat Nov 13 19:30:06 2021 GMT <unknown@DesktopNUCi5>
# name: gcoor
# type: matrix
# rows: 441
# columns: 2
 100 -8
 100 -7.9000000000000004
 100 -7.7999999999999998
 100 -7.7000000000000002
 100 -7.5999999999999996
 100 -7.5
 100 -7.4000000000000004
 100 -7.2999999999999998
 100 -7.2000000000000002
 100 -7.0999999999999996
 100 -7
 100 -6.9000000000000004
 100 -6.7999999999999998
 100 -6.7000000000000002
 100 -6.5999999999999996
 100 -6.5
 100 -6.4000000000000004
 100 -6.2999999999999998
 100 -6.2000000000000002
 100 -6.0999999999999996
 100 -6
 100.09999999999999 -8
 100.09999999999999 -7.9000000000000004
 100.09999999999999 -7.7999999999999998
 100.09999999999999 -7.7000000000000002
 100.09999999999999 -7.5999999999999996
 100.09999999999999 -7.5
 100.09999999999999 -7.4000000000000004
 100.09999999999999 -7.2999999999999998
 100.09999999999999 -7.2000000000000002
 100.09999999999999 -7.0999999999999996
 100.09999999999999 -7
 100.09999999999999 -6.9000000000000004
 100.09999999999999 -6.7999999999999998
 100.09999999999999 -6.7000000000000002
 100.09999999999999 -6.5999999999999996
 100.09999999999999 -6.5
 100.09999999999999 -6.4000000000000004
 100.09999999999999 -6.2999999999999998
 100.09999999999999 -6.2000000000000002
 100.09999999999999 -6.0999999999999996
 100.09999999999999 -6
 100.2 -8
 100.2 -7.9000000000000004
 100.2 -7.7999999999999998
 100.2 -7.7000000000000002
 100.2 -7.5999999999999996
 100.2 -7.5
 100.2 -7.4000000000000004
 100.2 -7.2999999999999998
 100.2 -7.2000000000000002
 100.2 -7.0999999999999996
 100.2 -7
 100.2 -6.9000000000000004
 100.2 -6.7999999999999998
 100.2 -6.7000000000000002
 100.2 -6.5999999999999996
 100.2 -6.5
 100.2 -6.4000000000000004
 100.2 -6.2999999999999998
 100.2 -6.2000000000000002
 100.2 -6.0999999999999996
 100.2 -6
 100.3 -8
 100.3 -7.9000000000000004
 100.3 -7.7999999999999998
 100.3 -7.7000000000000002
 100.3 -7.5999999999999996
 100.3 -7.5
 100.3 -7.4000000000000004
 100.3 -7.2999999999999998
 100.3 -7.2000000000000002
 100.3 -7.0999999999999996
 100.3 -7
 100.3 -6.9000000000000004
 100.3 -6.7999999999999998
 100.3 -6.7000000000000002
 100.3 -6.5999999999999996
 100.3 -6.5
 100.3 -6.4000000000000004
 100.3 -6.2999999999999998
 100.3 -6.2000000000000002
 100.3 -6.0999999999999996
 100.3 -6
 100.40000000000001 -8
 100.40000000000001 -7.9000000000000004
 100.40000000000001 -7.7999999999999998
 100.40000000000001 -7.7000000000000002
 100.40000000000001 -7.5999999999999996
 100.40000000000001 -7.5
 100.40000000000001 -7.4000000000000004
 100.40000000000001 -7.2999999999999998
 100.40000000000001 -7.2000000000000002
 100.40000000000001 -7.0999999999999996
 100.40000000000001 -7
 100.40000000000001 -6.9000000000000004
 100.40000000000001 -6.7999999999999998
 100.40000000000001 -6.7000000000000002
 100.40000000000001 -6.5999999999999996
 100.40000000000001 -6.5
 100.40000000000001 -6.4000000000000004
 100.40000000000001 -6.2999999999999998
 100.40000000000001 -6.2000000000000002
 100.40000000000001 -6.0999999999999996
 100.40000000000001 -6
 100.5 -8
 100.5 -7.9000000000000004
 100.5 -7.7999999999999998
 100.5 -7.7000000000000002
 100.5 -7.5999999999999996
 100.5 -7.5
 100.5 -7.4000000000000004
 100.5 -7.2999999999999998
 100.5 -7.2000000000000002
 100.5 -7.0999999999999996
 100.5 -7
 100.5 -6.9000000000000004
 100.5 -6.7999999999999998
 100.5 -6.7000000000000002
 100.5 -6.5999999999999996
 100.5 -6.5
 100.5 -6.4000000000000004
 100.5 -6.2999999999999998
 100.5 -6.2000000000000002
 100.5 -6.0999999999999996
 100.5 -6
 100.59999999999999 -8
 100.59999999999999 -7.9000000000000004
 100.59999999999999 -7.7999999999999998
 100.59999999999999 -7.7000000000000002
 100.59999999999999 -7.5999999999999996
 100.59999999999999 -7.5
 100.59999999999999 -7.4000000000000004
 100.59999999999999 -7.2999999999999998
 100.59999999999999 -7.2000000000000002
 100.59999999999999 -7.0999999999999996
 100.59999999999999 -7
 100.59999999999999 -6.9000000000000004
 100.59999999999999 -6.7999999999999998
 100.59999999999999 -6.7000000000000002
 100.59999999999999 -6.5999999999999996
 100.59999999999999 -6.5
 100.59999999999999 -6.4000000000000004
 100.59999999999999 -6.2999999999999998
 100.59999999999999 -6.2000000000000002
 100.59999999999999 -6.0999999999999996
 100.59999999999999 -6
 100.7 -8
 100.7 -7.9000000000000004
 100.7 -7.7999999999999998
 100.7 -7.7000000000000002
 100.7 -7.5999999999999996
 100.7 -7.5
 100.7 -7.4000000000000004
 100.7 -7.2999999999999998
 100.7 -7.2000000000000002
 100.7 -7.0999999999999996
 100.7 -7
 100.7 -6.9000000000000004
 100.7 -6.7999999999999998
 100.7 -6.7000000000000002
 100.7 -6.5999999999999996
 100.7 -6.5
 100.7 -6.4000000000000004
 100.7 -6.2999999999999998
 100.7 -6.2000000000000002
 100.7 -6.0999999999999996
 100.7 -6
 100.8 -8
 100.8 -7.9000000000000004
 100.8 -7.7999999999999998
 100.8 -7.7000000000000002
 100.8 -7.5999999999999996
 100.8 -7.5
 100.8 -7.4000000000000004
 100.8 -7.2999999999999998
 100.8 -7.2000000000000002
 100.8 -7.0999999999999996
 100.8 -7
 100.8 -6.9000000000000004
 100.8 -6.7999999999999998
 100.8 -6.7000000000000002
 100.8 -6.5999999999999996
 100.8 -6.5
 100.8 -6.4000000000000004
 100.8 -6.2999999999999998
 100.8 -6.2000000000000002
 100.8 -6.0999999999999996
 100.8 -6
 100.90000000000001 -8
 100.90000000000001 -7.9000000000000004
 100.90000000000001 -7.7999999999999998
 100.90000000000001 -7.7000000000000002
 100.90000000000001 -7.5999999999999996
 100.90000000000001 -7.5
 100.90000000000001 -7.4000000000000004
 100.90000000000001 -7.2999999999999998
 100.90000000000001 -7.2000000000000002
 100.90000000000001 -7.0999999999999996
 100.90000000000001 -7
 100.90000000000001 -6.9000000000000004
 100.90000000000001 -6.7999999999999998
 100.90000000000001 -6.7000000000000002
 100.90000000000001 -6.5999999999999996
 100.90000000000001 -6.5
 100.90000000000001 -6.4000000000000004
 100.90000000000001 -6.2999999999999998
 100.90000000000001 -6.2000000000000002
 100.90000000000001 -6.0999999999999996
 100.90000000000001 -6
 101 -8
 101 -7.9000000000000004
 101 -7.7999999999999998
 101 -7.7000000000000002
 101 -7.5999999999999996
 101 -7.5
 101 -7.4000000000000004
 101 -7.2999999999999998
 101 -7.2000000000000002
 101 -7.0999999999999996
 101 -7
 101 -6.9000000000000004
 101 -6.7999999999999998
 101 -6.7000000000000002
 101 -6.5999999999999996
 101 -6.5
 101 -6.4000000000000004
 101 -6.2999999999999998
 101 -6.2000000000000002
 101 -6.0999999999999996
 101 -6
 101.09999999999999 -8
 101.09999999999999 -7.9000000000000004
 101.09999999999999 -7.7999999999999998
 101.09999999999999 -7.7000000000000002
 101.09999999999999 -7.5999999999999996
 101.09999999999999 -7.5
 101.09999999999999 -7.4000000000000004
 101.09999999999999 -7.2999999999999998
 101.09999999999999 -7.2000000000000002
 101.09999999999999 -7.0999999999999996
 101.09999999999999 -7
 101.09999999999999 -6.9000000000000004
 101.09999999999999 -6.7999999999999998
 101.09999999999999 -6.7000000000000002
 101.09999999999999 -6.5999999999999996
 101.09999999999999 -6.5
 101.09999999999999 -6.4000000000000004
 101.09999999999999 -6.2999999999999998
 101.09999999999999 -6.2000000000000002
 101.09999999999999 -6.0999999999999996
 101.09999999999999 -6
 101.2 -8
 101.2 -7.9000000000000004
 101.2 -7.7999999999999998
 101.2 -7.7000000000000002
 101.2 -7.5999999999999996
 101.2 -7.5
 101.2 -7.4000000000000004
 101.2 -7.2999999999999998
 101.2 -7.2000000000000002
 101.2 -7.0999999999999996
 101.2 -7
 101.2 -6.9000000000000004
 101.2 -6.7999999999999998
 101.2 -6.7000000000000002
 101.2 -6.5999999999999996
 101.2 -6.5
 101.2 -6.4000000000000004
 101.2 -6.2999999999999998
 101.2 -6.2000000000000002
 101.2 -6.0999999999999996
 101.2 -6
 101.3 -8
 101.3 -7.9000000000000004
 101.3 -7.7999999999999998
 101.3 -7.7000000000000002
 101.3 -7.5999999999999996
 101.3 -7.5
 101.3 -7.4000000000000004
 101.3 -7.2999999999999998
 101.3 -7.2000000000000002
 101.3 -7.0999999999999996
 101.3 -7
